[+[0.82622289 0.6159002  0.90991541]
 #[0.97218683 0.97004904 0.81243288]
 #[0.18259518 0.05882152 0.9061101 ]
 -[0.27733991 0.80072532 0.23760231]
 -[0.19360083 0.89601066 0.87897127]
 -[0.65445514 0.71215453 0.96968216]
 +[0.76041607 0.17777167 0.64788796]
 -[0.18714899 0.72240849 0.75387533]
 +[0.63677505 0.37715801 0.41253802]
 #[0.116275   0.2338992  0.38143944]]
 
 
 
[[0.11627500111179756, 0.2338991980130375, 0.3814394406942826], [0.9721868343895957, 0.9700490431469658, 0.8124328802136809], 
[0.18259518394489205, 0.058821523535050324, 0.9061100985833849]]
 
[[0.826222888961089, 0.6159002039406436, 0.9099154120322455], [0.7604160718746529, 0.17777167148950623, 0.6478879612211284],
[0.6367750451629193, 0.3771580087536428, 0.4125380157092099]]


[[0.27733990921681706, 0.8007253194248555, 0.23760230553913975], [0.19360083068135547, 0.8960106634833378, 0.8789712700196642],
 [0.6544551391193442, 0.7121545305151484, 0.9696821604111571], [0.187148991050072, 0.7224084920487587, 0.7538753319536478]]


